0 0.083073 0.225463 0.042188 0.043519
0 0.262760 0.118981 0.054688 0.060185
0 0.478125 0.121296 0.055208 0.057407
0 0.268750 0.404167 0.057292 0.067593
0 0.126823 0.767130 0.075521 0.075000
0 0.178385 0.683333 0.038021 0.059259
0 0.038542 0.881019 0.065625 0.091667
0 0.500781 0.325000 0.050521 0.059259
0 0.661979 0.128704 0.052083 0.068519
0 0.643750 0.397685 0.058333 0.076852
0 0.754427 0.123148 0.044271 0.074074
0 0.563802 0.809259 0.065104 0.075926
0 0.374740 0.941204 0.063021 0.071296
0 0.512760 0.713889 0.049479 0.059259
0 0.931510 0.583333 0.071354 0.072222
0 0.895833 0.218056 0.061458 0.063889
0 0.823177 0.037963 0.053646 0.044444
