0 0.124000 0.376801 0.029000 0.031700
0 0.019000 0.484870 0.032000 0.036023
0 0.071250 0.466138 0.033500 0.020173
0 0.132000 0.478386 0.033000 0.034582
0 0.256250 0.619236 0.036500 0.036744
0 0.110000 0.623559 0.031000 0.046830
0 0.244000 0.955331 0.051000 0.041787
0 0.414750 0.944164 0.043500 0.051153
0 0.322250 0.782781 0.037500 0.041066
0 0.409750 0.721182 0.034500 0.041787
0 0.373000 0.704971 0.040000 0.030980
0 0.375500 0.632565 0.032000 0.028818
0 0.288000 0.570965 0.037000 0.029539
0 0.353750 0.464337 0.025500 0.036744
0 0.262250 0.407061 0.026500 0.027378
0 0.343250 0.373559 0.034500 0.035303
0 0.432000 0.437680 0.028000 0.029539
0 0.368250 0.300072 0.035500 0.033862
0 0.397750 0.210014 0.022500 0.026657
0 0.321750 0.205331 0.025500 0.025937
0 0.261500 0.149496 0.019000 0.019452
0 0.299250 0.125360 0.019500 0.020173
0 0.315750 0.095101 0.019500 0.018732
0 0.467000 0.596902 0.027000 0.032421
0 0.550750 0.880043 0.031500 0.038184
0 0.644250 0.836095 0.039500 0.035303
0 0.759750 0.923271 0.046500 0.039625
0 0.911500 0.815562 0.038000 0.031700
0 0.942750 0.794669 0.030500 0.038905
0 0.948750 0.618516 0.030500 0.036744
0 0.944000 0.541066 0.034000 0.034582
0 0.880500 0.381844 0.025000 0.025937
0 0.537500 0.384366 0.023000 0.029539
0 0.484500 0.372118 0.023000 0.023775
0 0.450250 0.329971 0.024500 0.021614
0 0.496250 0.461816 0.019500 0.024496
0 0.595750 0.529539 0.027500 0.023055
0 0.697250 0.560159 0.030500 0.028098
0 0.601500 0.764049 0.031000 0.033862
0 0.669500 0.389409 0.018000 0.015130
0 0.604750 0.401297 0.030500 0.021614
0 0.716750 0.466859 0.021500 0.025937
0 0.695000 0.434438 0.032000 0.025937
0 0.732000 0.413905 0.028000 0.023775
0 0.727250 0.542507 0.024500 0.024496
0 0.773500 0.252522 0.025000 0.032421
0 0.818000 0.313761 0.021000 0.023775
0 0.849000 0.287824 0.018000 0.018012
0 0.869750 0.328530 0.026500 0.023055
0 0.926250 0.327450 0.021500 0.025216
0 0.624250 0.195245 0.023500 0.027378
0 0.711750 0.205331 0.016500 0.017291
0 0.827000 0.172550 0.020000 0.022334
0 0.869500 0.171470 0.018000 0.018732
0 0.857000 0.226945 0.016000 0.017291
0 0.541750 0.110231 0.016500 0.018732
0 0.496500 0.145173 0.014000 0.016571
0 0.429000 0.110231 0.016000 0.018732
0 0.391000 0.070245 0.016000 0.018012
0 0.350250 0.063040 0.017500 0.018012
0 0.416500 0.061960 0.012000 0.015850
0 0.572500 0.069524 0.018000 0.018012
0 0.666250 0.074568 0.013500 0.012248
0 0.982000 0.110951 0.012000 0.012968
0 0.893750 0.077450 0.021500 0.015130
0 0.820750 0.080692 0.010500 0.021614
0 0.915750 0.434798 0.019500 0.022334
0 0.898000 0.483429 0.017000 0.018732
0 0.641250 0.092219 0.012500 0.025937
0 0.476500 0.072046 0.010000 0.008646
0 0.543750 0.037104 0.013500 0.013689
0 0.962000 0.187320 0.009000 0.012968
0 0.223000 0.286383 0.024000 0.018012
0 0.559500 0.304755 0.012000 0.018732
0 0.633750 0.302594 0.018500 0.018732
0 0.556000 0.354827 0.021000 0.019452
0 0.507750 0.245677 0.023500 0.018732
0 0.087250 0.204611 0.016500 0.020173
0 0.072750 0.709654 0.020500 0.017291
0 0.899500 0.989553 0.038000 0.019452
0 0.461500 0.797911 0.014000 0.019452
0 0.869500 0.045749 0.015000 0.018012
0 0.450000 0.554395 0.024000 0.013689
0 0.418250 0.375000 0.024500 0.019452
0 0.735500 0.115274 0.008000 0.012968
0 0.929500 0.053674 0.014000 0.015130
0 0.628750 0.013329 0.012500 0.013689
0 0.452500 0.023415 0.011000 0.015130
0 0.363250 0.026297 0.013500 0.018012
0 0.701500 0.098703 0.012000 0.017291
0 0.128750 0.052954 0.014500 0.015130
0 0.993500 0.496758 0.013000 0.025216
0 0.243500 0.244597 0.020000 0.018012
0 0.177500 0.382925 0.015000 0.019452
0 0.767500 0.015490 0.014000 0.018012
0 0.804250 0.098343 0.007500 0.013689
0 0.909750 0.279899 0.010500 0.009366
