0 0.168301 0.654150 0.077342 0.071146
0 0.235294 0.158103 0.041394 0.051383
0 0.269608 0.116601 0.018519 0.039526
0 0.419390 0.325099 0.047930 0.061265
0 0.570806 0.442688 0.069717 0.063241
0 0.542484 0.262846 0.043573 0.055336
0 0.656863 0.263834 0.054466 0.061265
0 0.811002 0.164032 0.031590 0.043478
0 0.556100 0.086957 0.029412 0.027668
0 0.851307 0.044466 0.029412 0.029644
0 0.787582 0.050395 0.026144 0.029644
0 0.455882 0.061265 0.020697 0.023715
0 0.400871 0.040514 0.021786 0.021739
0 0.338235 0.543478 0.057734 0.071146
