0 0.096667 0.557778 0.031667 0.048889
0 0.215833 0.465185 0.051667 0.062222
0 0.402500 0.465926 0.055000 0.063704
0 0.455000 0.649630 0.070000 0.084444
0 0.320417 0.489630 0.037500 0.045926
0 0.034167 0.462963 0.041667 0.037037
0 0.117500 0.381481 0.016667 0.019259
0 0.011667 0.360741 0.021667 0.022222
0 0.258750 0.350370 0.019167 0.028148
0 0.231250 0.382963 0.019167 0.031111
0 0.299583 0.399259 0.010833 0.028148
0 0.324167 0.365185 0.011667 0.016296
0 0.358750 0.447407 0.014167 0.029630
0 0.597917 0.483704 0.022500 0.051852
0 0.689167 0.517037 0.035000 0.047407
0 0.646250 0.416296 0.022500 0.032593
0 0.835417 0.681481 0.139167 0.225185
0 0.941667 0.764444 0.058333 0.094815
0 0.100000 0.376296 0.010000 0.020741
0 0.089167 0.330370 0.011667 0.011852
0 0.160000 0.343704 0.010000 0.017778
0 0.154167 0.378519 0.008333 0.028148
