0 0.083871 0.237106 0.045161 0.061605
0 0.168952 0.289398 0.042742 0.054441
0 0.354435 0.276504 0.047581 0.060172
0 0.299194 0.196275 0.024194 0.034384
0 0.408065 0.252865 0.033871 0.038682
0 0.452823 0.484957 0.041129 0.055874
0 0.557661 0.246418 0.042742 0.057307
0 0.525806 0.237106 0.027419 0.047278
0 0.476210 0.239971 0.028226 0.038682
0 0.617339 0.277937 0.034677 0.048711
0 0.650403 0.312321 0.034677 0.065903
0 0.712903 0.343840 0.048387 0.060172
0 0.768145 0.224212 0.026613 0.053009
0 0.881855 0.202722 0.049194 0.047278
0 0.934677 0.227077 0.038710 0.055874
